657 1629 3 0 0 3 5 0
471 888 3 0 0 3 4 0
910 1226 2 3 1 0 0 0
645 345 2 3 1 0 0 0
430 1215 2 5 1 0 0 0
186 1416 2 2 3 0 0 0
244 476 3 0 0 2 4 0
881 1590 1 0 0 0 0 0
1061 1186 1 0 0 0 0 0
1293 34 2 5 2 0 0 0
1831 827 1 0 0 0 0 0
337 918 1 0 0 0 0 0
345 617 1 0 0 0 0 0
1756 673 2 1 2 0 0 0
1314 1326 3 0 0 1 4 0
706 2000 3 0 0 5 5 0
872 56 1 0 0 0 0 0
249 1912 2 2 1 0 0 0
921 946 2 2 5 0 0 0
1909 1429 2 4 4 0 0 0
1260 18 2 1 4 0 0 0
1235 1075 1 0 0 0 0 0
1654 360 2 3 3 0 0 0
1005 1496 3 0 0 3 4 0
601 1053 2 3 3 0 0 0
1874 1262 2 5 5 0 0 0
442 859 2 4 1 0 0 0
620 220 1 0 0 0 0 0
1118 95 1 0 0 0 0 0
1812 738 1 0 0 0 0 0
1686 178 2 1 4 0 0 0
242 60 3 0 0 5 3 0
63 1240 3 0 0 2 2 0
484 1671 2 3 5 0 0 0
308 1392 1 0 0 0 0 0
114 288 2 1 2 0 0 0
1824 530 2 2 5 0 0 0
1962 526 2 2 5 0 0 0
261 950 3 0 0 1 1 0
797 1838 3 0 0 2 5 0
1670 371 1 0 0 0 0 0
417 1453 2 1 2 0 0 0
1458 386 3 0 0 4 5 0
268 930 2 2 3 0 0 0
1536 402 1 0 0 0 0 0
1913 255 2 4 5 0 0 0
293 61 1 0 0 0 0 0
667 1728 3 0 0 3 3 0
1135 683 1 0 0 0 0 0
233 290 2 2 4 0 0 0
